12  7 15 11 13 45.0000000  0 22G12S38G18G29G30G21G15G22G25G31S20R04
                                R05R19R11R21G16R09R06R20R10S33
 129888022.15614  24716899.672
 206190409.485 7  39236723.016
 108639303.418 8  20673352.930    84653910.02547  20673358.508
 112627436.559 8  21432292.453    87761627.83746  21432298.734
 119973979.746 7  22830292.500    93486219.20545  22830299.895
 107531967.018 8  20462608.391    83790961.72746  20462613.207
 128351578.382 5  24424494.461
 124599350.408 7  23710479.281    97090462.70744  23710484.977
 113006744.460 7  21504467.148    88057229.08846  21504476.008
 124622029.155 7  23714758.398    97107947.98744  23714764.621
 195576315.393 7  37216924.391
 125452574.688 5  23427398.156    97574223.594 6  23427402.500
 107573364.001 8  20123816.375    83668151.788 8  20123823.066
 122058175.960 7  22817501.344    94934176.096 6  22817507.801
 121461638.751 6  22729904.102    94470142.145 5  22729911.027
 121503910.887 7  22705916.547    94502999.669 5  22705921.125
 131083943.390 5  24944446.219
 126359097.940 6  23663019.961    98279329.006 6  23663025.480
 109967488.433 8  20607869.992    85530302.739 8  20607872.695
 112880327.292 7  21109194.648    87795817.261 7  21109201.574
 117443571.326 8  22032126.055    91344923.530 6  22032129.461
 202052574.835 6  38449324.516
